890904	(1, [(0, 1)])
a	(1, [(498, 1)])
above	(1, [(608, 1)])
after	(2, [(1080, 1), (170, 2)])
and	(13, [(57, 1), (54, 4), (196, 2), (106, 2), (279, 4), (219, 2), (389, 3), (361, 3), (477, 3), (484, 3), (596, 3), (654, 4), (765, 2)])
appear	(1, [(838, 1)])
authorized	(1, [(0, 1)])
be	(3, [(250, 1), (248, 1), (590, 1)])
beginning	(1, [(57, 1)])
bible	(1, [(0, 1)])
bring	(1, [(1080, 1)])
brought	(1, [(1250, 1)])
called	(3, [(385, 2), (365, 1), (596, 2)])
created	(1, [(57, 1)])
darkness	(3, [(111, 1), (191, 1), (194, 1)])
day	(3, [(385, 2), (365, 1), (1054, 1)])
deep	(1, [(111, 1)])
divide	(1, [(498, 1)])
divided	(2, [(302, 1), (306, 1)])
dry	(2, [(838, 1), (123, 1)])
earth	(5, [(57, 1), (54, 1), (907, 1), (173, 2), (1077, 1)])
evening	(3, [(385, 1), (365, 1), (1054, 1)])
face	(1, [(111, 2)])
firmament	(3, [(498, 1), (110, 3), (640, 1)])
first	(1, [(385, 1)])
form	(1, [(111, 1)])
forth	(2, [(1080, 1), (170, 1)])
from	(3, [(302, 1), (196, 1), (412, 1)])
fruit	(2, [(1080, 2), (170, 1)])
gathered	(1, [(838, 1)])
gathering	(1, [(961, 1)])
god	(12, [(57, 1), (54, 1), (196, 1), (106, 2), (279, 1), (219, 1), (389, 1), (361, 1), (477, 1), (484, 2), (596, 1), (654, 1)])
good	(3, [(302, 1), (659, 1), (591, 1)])
grass	(2, [(1080, 1), (170, 1)])
he	(2, [(385, 1), (576, 1)])
heaven	(3, [(57, 1), (693, 1), (145, 1)])
herb	(2, [(1080, 1), (170, 1)])
his	(2, [(1080, 1), (170, 2)])
holy	(1, [(0, 1)])
in	(4, [(57, 1), (441, 1), (639, 1), (611, 1)])
is	(1, [(1080, 1)])
it	(7, [(302, 1), (196, 1), (412, 1), (426, 1), (535, 1), (545, 1), (705, 1)])
itself	(2, [(1080, 1), (170, 1)])
james	(1, [(0, 1)])
kind	(2, [(1080, 1), (170, 2)])
king	(1, [(0, 1)])
land	(2, [(838, 1), (123, 1)])
let	(4, [(250, 1), (248, 2), (590, 2), (490, 1)])
light	(3, [(250, 2), (52, 2), (333, 1)])
made	(1, [(608, 1)])
midst	(1, [(498, 1)])
morning	(3, [(385, 1), (365, 1), (1054, 1)])
moved	(1, [(111, 1)])
night	(1, [(385, 1)])
of	(3, [(111, 3), (387, 1), (574, 1)])
one	(1, [(838, 1)])
place	(1, [(838, 1)])
said	(4, [(250, 1), (248, 1), (590, 1), (490, 1)])
saw	(3, [(302, 1), (659, 1), (591, 1)])
seas	(1, [(961, 1)])
second	(1, [(750, 1)])
seed	(2, [(1080, 2), (170, 2)])
so	(3, [(608, 1), (230, 1), (850, 1)])
spirit	(1, [(111, 1)])
textfile	(1, [(0, 1)])
that	(3, [(302, 1), (659, 1), (591, 1)])
the	(12, [(57, 3), (54, 6), (248, 3), (137, 5), (361, 4), (247, 5), (503, 4), (335, 3), (626, 3), (454, 4), (796, 2), (623, 3)])
there	(2, [(250, 2), (248, 1)])
third	(1, [(1419, 1)])
together	(2, [(838, 1), (123, 1)])
tree	(2, [(1080, 1), (170, 1)])
under	(2, [(608, 1), (230, 1)])
unto	(1, [(838, 1)])
upon	(2, [(111, 2), (969, 1)])
version	(1, [(0, 1)])
void	(1, [(111, 1)])
was	(8, [(111, 2), (139, 1), (163, 1), (445, 1), (393, 1), (568, 1), (512, 1), (738, 2)])
waters	(5, [(111, 1), (387, 3), (221, 2), (617, 1), (344, 1)])
were	(4, [(385, 1), (223, 2), (527, 1), (892, 1)])
which	(1, [(608, 2)])
whose	(2, [(1080, 1), (170, 1)])
without	(1, [(111, 1)])
yielding	(2, [(1080, 2), (170, 2)])
